点赞数	评论数	转发数	阅读数	在看数	收藏数

23	0	0	1279		6

14	0	0	1064		3
30	3	0	2713		4


5	1	0	30		0

16	1	0	946		3
103	10	0	10867		41
33	1	0	2229		0
11	0	0	279		4

4	0	0	309		0

3	0	0	524		1
183	1	1	23693		26

14	6	0	1777		5

16	1	0	1739		0
32	7	0	3901		9
17	3	0	5164		4
4	0	0	1328		2
339	40	0	47816		58
6	0	0	241		2

21	2	0	2842		4
90	22	0	16903		13
56	4	0	8796		20



3	0	0	139		0
4	0	0	133		1



0	1	0	399		0
4	0	0	234		2
2	0	0	22		0
4	3	0	605		1
125	1	0	18589		26
7	0	0	1547		0
72	4	0	10531		11

17	0	0	5644		3
24	5	0	6031		4




55	0	0	4352		8
8	0	0	500		3

3	0	0	118		0

45	1	0	8770		10
13	2	0	2061		0



8	0	0	1119		3
415	20	0	73557		73


359	114	0	52560		64
148	23	0	11854		24
55	0	0	4298		6
6	0	0	1528		4
15	0	0	645		2
86	2	0	6851		12
89	3	0	15354		17


9	0	0	258		2
128	7	0	18681		52
13	4	0	4653		3
217	4	0	90563		52
59	0	0	4909		10
4	0	0	313		1

86	10	0	6468		6
56	0	0	7617		14
35	1	0	5249		10



6	0	0	702		1


0	0	0	9		0

2	0	0	82		0

218	5	0	15304		47
7	0	0	398		4
2	0	0	65		0
8	1	0	483		3
0	1	0	119		0
2	0	0	20		1

10	0	0	253		0
8	0	0	1725		2
34	2	0	10748		2
120	24	0	15702		20
7	1	0	767		0

78	5	0	9622		7
37	3	0	3213		10

5	0	0	220		2

3	0	0	147		0
0	0	0	40		0

2	0	0	194		0

152	0	0	18671		25
4	0	0	327		1
2	0	0	565		0

185	20	0	24454		33
1	0	0	64		0
1	0	0	52		0
12	3	1	2388		6
0	0	0	7		0

9	0	0	294		1
29	2	0	7235		10

3	0	0	225		0
7	0	0	489		0
98	5	0	16318		18

82	8	0	10085		15
52	0	0	3274		15

21	0	0	853		1

14	0	0	1142		4

12	1	0	1156		3



16	0	0	1355		5
3	0	0	313		1
2	0	0	1362		0
5	0	0	133		3

95	9	0	17601		16
3	0	0	224		0
0	0	0	329		0
48	2	0	3166		10
8	0	0	1006		0

19	3	1	413		5
692	27	0	62536		114
5	2	0	295		2

42	2	0	7264		7
34	2	0	4763		8

9	0	0	743		1
44	1	0	10250		16

458	21	0	48346		94
7	0	0	830		1
16	1	0	683		3

127	2	0	16270		25
102	1	0	5862		14
4	0	0	93		0


45	0	0	8197		10
1	0	0	784		0

369	20	0	60439		64

6	0	0	32		0
203	11	0	10063		61
40	1	0	2003		10

57	2	0	10965		17
30	1	0	3649		6

2	0	0	45		1
483	176	0	71148		91

13	0	0	359		2
218	24	0	38405		35
116	6	1	18226		19
730	4	0	76874		124


450	20	0	63630		92
78	1	0	5424		10
696	6	2	50728		127


63	3	0	11881		13

149	3	0	7333		32
8	0	0	182		0




20	0	0	1321		6
110	4	0	4930		12


75	4	0	2357		31
58	2	0	7083		8
36	6	0	4926		18
32	0	0	7089		8
8	0	0	257		3

2	0	0	250		0
7	0	0	170		1

138	1	0	13578		28
8	0	0	88		0
31	1	1	3294		10
0	0	0	2		0
473	13	0	53075		72
138	2	1	7865		32
30	4	0	3645		4
1881	299	2	92386		331
572	33	0	49681		125
60	0	0	6291		7

285	17	1	23271		73
4	1	0	378		2



8	0	0	393		5


274	76	1	25199		74

66	13	0	8280		22

406	8	0	33487		71




6	0	0	433		1
52	7	0	11722		8
135	5	0	26342		12
31	2	1	1015		4
32	1	0	1064		4
95	10	0	10466		23
2	0	0	31		1


45	1	0	3070		12
17	1	0	3303		4
20	0	0	1931		16
145	4	0	27788		38
20	1	0	4337		5
43	6	0	2927		9
117	4	0	11722		32


119	3	0	10783		17

2	0	0	167		1

153	3	0	18733		23

23	1	0	3192		2




23	0	0	517		10


12	0	0	525		2



262	73	1	20747		46
253	13	0	18611		37
30	0	0	1666		2
394	6	0	81001		96

28	1	0	842		7
53	0	0	7589		6
174	2	0	14309		31
81	8	0	10640		21
244	25	0	34291		54


1206	13	0	71525		165
352	22	0	44305		54
208	4	0	20207		36
261	5	0	27733		43
61	13	0	7288		16
3	0	0	140		2

312	51	0	43901		52

39	0	0	4546		9
122	2	0	13293		22
22	2	0	2366		14
9	1	1	807		1
126	3	0	20614		29

2	0	0	149		1
12	0	0	2658		2
6	0	0	480		1

375	55	0	60463		74



138	0	0	11844		21
0	0	0	8		0
26	2	0	1863		3


380	2	1	27362		66
7	0	0	738		2
26	5	0	1425		7
11	1	0	1983		4
2341	13	0	146568		331

188	4	0	14009		21
0	0	0	43		0
84	0	0	12351		13

5	0	0	1056		1
201	9	0	21729		22
2	0	0	132		2
0	0	0	69		1


0	0	0	42		2

229	0	0	12221		35

20	1	0	688		9
173	2	0	8273		41
18	0	0	1135		7
4	0	0	165		1
60	3	0	5718		19
8	1	0	361		1

302	16	0	12635		37

62	1	0	8320		13

6	1	0	870		0

456	10	0	42250		69

18	0	0	3207		8

375	4	0	63759		71

10	0	0	1372		2
3	0	0	48		0

1	0	0	147		2





0	0	0	36		0
51	1	0	2331		16


110	6	0	6501		22
			2

20	0	0	1723		7

2	3	0	458		2
0	0	0	5		0


5	0	0	254		2
95	0	0	6625		11
1	0	0	223		0
19	0	0	2275		3
145	3	0	16901		18
6	0	0	279		1
3	0	0	49		0

60	6	0	22914		15

3	0	0	1061		0
660	13	0	48967		132
0	0	0	10		0

229	7	0	35294		46
2	0	0	23		0
8	2	0	741		1
3	1	0	289		0
0	0	0	65		0

21	0	0	1021		3
10	0	0	2259		1
19	0	0	1060		9
7	0	0	1116		2

288	0	0	26665		57
92	0	0	3767		12



2	0	0	710		2

1	0	0	783		1
14	0	0	618		1

2	0	0	23		0
54	0	0	4236		5
16	1	0	2177		4

4	1	0	165		1
13	0	0	1701		5



0	0	0	73		0
4	0	0	186		0

483	29	1	47112		66
8	0	0	396		0
11	1	0	2119		2
40	3	0	4794		7
16	4	0	2839		4
133	5	0	17676		32

264	0	0	48786		38

113	0	0	12630		10
65	0	0	13462		13
26	2	0	10537		7
0	0	0	50		0
45	2	0	5481		30
6	0	0	275		1

248	3	0	34290		38

3	0	0	1799		1
7	0	0	463		2

2	2	0	270		1
106	1	1	35588		26

35	0	0	1618		6

86	4	0	12442		12
3	0	0	841		2



4	0	0	692		3
3	0	0	65		0
1	0	0	186		0
51	3	0	7241		14
144	3	1	6467		26

0	0	0	58		0
0	0	0	140		0
21	0	0	883		4
104	0	0	2515		34

19	1	0	1186		4
1	0	0	9		0
104	48	1	10871		32

192	0	0	46142		46
170	6	0	19525		50
325	36	0	29063		61

42	0	0	2883		8


17	1	0	836		3
18	1	0	4444		10
11	0	0	2311		1
8	1	0	2143		5
113	2	0	12526		28
0	0	0	43		0
6	0	0	542		3


8	0	0	1719		2
60	27	0	11607		20
17	1	0	3311		11

167	10	0	17994		18
2	0	0	70		0
6	0	0	1162		0



16	2	0	1929		2

227	7	0	34716		57
122	26	0	19185		33
33	0	0	3452		6
4	0	0	194		0
10	0	0	1726		3
20	0	0	3487		6
8	1	0	1377		3
9	0	0	1419		3
8	0	0	1914		3
11	0	0	545		2
533	1	0	42908		92
4	0	0	219		1
5	0	0	1890		1
30	0	0	1493		8
5	0	0	1062		0
21	4	0	4668		3
70	3	0	5095		16
908	13	0	45928		231
95	2	0	3666		16
6	1	0	483		3
27	1	0	1517		3
421	66	0	17437		88
1	0	0	39		0
1	0	0	8		0
170	9	1	20562		30
14	1	0	1536		4
3	0	0	29		0
8	2	0	132		1
82	5	0	9969		14
37	0	0	4840		9
9	0	0	495		3
12	0	0	1585		1
23	0	0	2263		2
39	0	0	2240		8
17	2	0	2565		4
18	1	0	2536		6
106	1	0	13818		20
66	0	0	4826		9
178	1	0	16169		15
5	2	0	358		0
10	1	0	809		5
2	1	0	396		0
34	0	0	3072		5
13	1	0	3338		3
0	0	0	22		0
192	24	0	33616		40
90	0	0	11945		18
312	7	0	17947		62
8	0	0	950		1
319	1	0	24575		42
135	1	0	12829		25
10	1	0	2442		1
67	0	0	14273		17
94	13	0	9613		24
18	0	0	1502		8
4	0	0	2451		3
7	1	0	1784		2
86	5	0	17013		20
171	5	2	39277		43
42	5	0	7527		8
7	0	0	1085		1
21	1	0	2318		4
211	5	0	24819		45
27	13	0	9875		10
4	0	0	398		0
13	0	0	513		0
9	0	0	169		1
7	0	0	219		2
10	0	0	481		3
7	0	0	179		0
59	1	0	4065		11
13	0	0	173		4
249	1	0	11926		44
87	3	0	6102		17
56	4	0	19492		21
29	2	0	12537		5
4	0	0	260		2
3	0	0	31		1
133	3	0	13907		22
148	0	0	31113		28
25	1	0	2311		5
213	10	0	10932		32
340	108	0	29048		57
126	30	0	39676		30
118	18	0	33748		28
781	109	0	159372		207
927	66	0	87664		144
40	0	0	9678		7
4	1	0	336		3
197	28	0	50097		45
3	0	0	580		0
57	3	0	5791		10
27	2	1	3945		9
81	0	0	9714		12
14	1	0	574		3
52	3	0	10387		7
10	0	0	688		4
13	1	0	3341		3
179	2	0	16602		57
284	40	1	59066		59
112	0	0	21206		22
35	0	0	2259		11
36	0	0	2200		8
9	1	0	672		4
3	1	0	423		3
22	0	0	1551		7
2	0	0	157		0
1	0	0	79		2
26	2	0	3658		14
461	140	0	32994		102
433	17	0	38484		58
246	8	1	22366		53
99	2	0	14182		18
167	4	0	35836		34
187	0	0	83256		51
3	0	0	191		1
36	0	0	2768		11
279	35	0	45402		70
291	0	0	19951		41
17	0	0	962		3
143	9	0	33469		41
146	45	0	7134		23
524	49	0	63465		74
256	4	0	28060		38
61	5	0	14251		16
592	111	1	135957		175
999	18	0	77697		174
353	4	0	25897		39
95	1	0	4116		13
4	0	0	284		0
5	1	0	197		0
3	0	0	1774		1
25	0	0	7262		5
660	11	0	50380		110
60	2	0	6851		10
475	45	0	150451		116
9	0	0	1463		0
143	1	0	12378		10
90	4	0	14343		22
23	1	0	2024		2
155	7	0	12081		40
7	0	0	177		2
8	0	0	268		1
13	0	0	210		3
8	0	0	468		5
1241	204	0	72774		181
28	1	0	1645		6
154	9	0	12783		29
65	4	0	4619		10
610	5	0	46606		61
43	1	0	3605		10
140	5	0	22653		25
800	45	1	104746		129
4	0	0	733		1
7	0	1	189		0
43	5	1	1076		2
10	0	0	1629		3
52	3	0	6567		5
20	0	0	1521		2
100	1	0	11839		19
41	0	0	2430		4
35	4	0	5004		4
15	3	0	799		1
14	5	0	757		3
180	2	0	39190		34
33	1	0	2866		6
522	8	0	48910		75
158	3	0	28348		31
340	7	0	23143		62
43	0	0	9332		7
461	21	0	58248		73
46	0	0	2575		6
16	1	0	2824		9
169	0	0	15822		40
36	0	0	4397		7
47	3	0	4211		6
1	0	0	57		0
28	0	0	2588		5
18	2	0	756		1
8	0	0	959		1
1	0	0	352		0
123	0	0	21785		23
15	1	0	1906		1
640	15	0	26060		64
170	13	0	27261		27
1	0	0	20		1
0	0	0	74		0
22	0	0	1182		4
41	3	0	4438		14
2	0	0	15		0
12	1	0	264		6
47	2	0	7680		21
4	0	0	61		0
472	70	0	42937		87
3	1	0	510		1
167	1	0	9857		36
141	15	0	22799		29
85	3	1	19546		23
85	2	0	24199		12
44	8	0	6265		5
17	1	0	2573		2
403	12	0	44496		55
51	3	0	12055		8
418	9	1	21898		53
39	1	0	6524		6
4	0	0	102		0
8	4	0	2235		2
138	1	0	26533		28
57	4	0	21031		12
1	0	0	65		1
513	43	0	118601		137
8	0	0	1182		1
4	0	0	221		1
415	1	0	39434		72
112	0	0	8786		18
58	0	0	9295		6
132	1	0	9787		18
24	9	0	6163		7
2	0	0	211		1
12	0	0	1643		2
92	11	0	10433		22
8	0	0	654		2
46	16	0	14853		12
24	1	0	2186		4
50	3	0	7395		11
45	0	0	1224		2
38	1	0	3429		5
30	1	0	4591		3
43	8	0	2949		14
12	0	0	1829		4
4	0	0	295		2
207	5	0	14853		58
6	1	0	447		4
31	1	0	3897		5
6	1	0	1139		0
388	45	3	23869		67
281	33	0	57075		67
3	0	0	659		0
5	0	0	55		1
19	0	0	561		5
21	0	0	936		2
2	0	0	26		1
3	0	0	37		1
32	4	1	3491		9
8	0	0	1563		2
5	0	0	180		1
6	0	0	414		2
2	0	0	24		0
630	42	0	116225		118
32	0	0	2500		4
5	0	0	386		2
143	7	0	10095		12
42	1	0	4031		10
4	0	0	711		4
0	0	0	29		0
3	0	0	133		0
41	1	0	12235		11
89	19	1	8143		23
12	0	0	1915		0
759	53	1	73571		136
508	12	0	57536		68
489	17	0	35367		92
285	5	0	35887		42
133	0	0	13528		18
1049	35	0	44016		111
9	0	0	269		0
14	0	0	611		4
0	0	0	33		1
0	0	0	17		0
489	2	0	45100		53
52	4	0	12758		7
63	1	0	3823		4
44	1	0	5039		7
51	0	0	6638		8
11	0	0	773		2
8	0	0	1337		2
108	19	0	9204		13
91	0	0	11812		19
1	0	0	31		0
22	0	0	2262		12
933	1001	12	127046		429
0	0	0	49		0
3	0	0	132		0
0	0	0	2		0
56	7	0	8374		9
2	1	0	38		0
5	0	0	346		1
58	7	0	10408		14
312	1	0	14566		65
162	8	0	21530		38
54	5	0	12453		6
27	0	0	5521		10
18	1	0	2953		3
16	2	0	2226		0
12	0	0	1425		2
6	0	0	1679		2
3	0	0	29		0
4	0	0	245		1
66	3	0	8491		14
20	0	0	1728		5
18	0	0	491		1
9	0	0	1198		1
4	0	0	61		1
107	2	0	9761		19
12	0	0	2066		1
142	3	0	10647		26
8	0	0	843		1
45	31	0	4329		8
18	0	0	1528		1
9	0	0	424		0
75	2	0	3908		9
16	0	0	919		4
137	2	0	18863		19
85	0	0	24328		12
29	2	0	6682		8
5	0	0	327		2
14	0	0	836		3
55	1	0	3414		14
4	0	0	178		0
780	62	3	100167		250
13	0	0	2156		6
21	0	0	1657		2
76	0	0	7159		15
2	0	0	75		0
9	0	0	456		1
69	15	0	11995		20
54	3	0	2456		10
40	2	0	3632		7
178	0	0	18447		33
7	0	0	156		2
51	0	0	2597		8
20	2	0	1353		1
31	1	0	2506		5
225	0	0	9743		21
1	0	0	45		0
57	1	0	5567		9
5	0	0	147		1
11	1	0	1385		1
1	0	0	35		0
82	1	0	14832		9
1	0	0	63		1
113	0	0	21444		21
0	0	0	89		1
10	0	0	1812		3
17	0	0	8040		4
70	2	0	3131		6
90	8	0	11637		18
33	0	0	1415		4
307	16	0	12009		115
7	1	0	416		4
90	0	0	2657		17
40	1	0	1691		7
20	1	0	1102		6
9	1	0	384		0
1	0	0	18		0
1	0	0	42		1
0	0	0	55		0
2	1	0	218		0
15	0	0	942		3
4	0	0	67		1
48	0	0	4310		10
50	1	0	10577		17
36	1	0	6839		9
765	5	0	84005		93
18	2	0	2954		2
70	0	0	10270		7
40	2	0	5179		12
16	0	0	576		1
9	2	0	1616		3
10	0	0	4203		7
66	1	0	3499		11
98	68	1	30042		32
59	1	0	7732		7
102	6	0	10651		20
246	6	0	23995		53
1272	148	0	108488		163
2	0	0	60		0
25	3	0	5186		8
283	49	0	114480		101
66	10	0	3553		12
240	43	0	82187		56
19	2	0	3083		1
138	15	0	19785		24
18	0	0	1981		3
74	9	0	13080		19
56	2	0	2409		3
6	0	0	396		0
33	1	0	2141		6
503	3	0	39510		83
33	1	0	9335		3
0	0	0	49		0
49	13	0	8956		12
26	4	0	4397		1
197	9	0	25607		41
15	0	0	3543		1
3	0	0	591		1
87	8	0	15001		24
8	0	0	2833		1
5	1	0	1844		2
9	0	0	444		3
46	0	0	4388		11
39	0	0	12658		19
11	0	0	5200		3
46	38	1	5559		9
3	0	0	102		0
34	0	0	2405		11
1039	544	2	68135		174
9	0	0	502		1
19	1	0	885		7
77	6	2	14185		25
40	22	2	3225		22
21	1	0	1342		4
30	0	0	1641		6
25	0	0	1097		7
9	0	0	606		4
253	25	0	18214		41
4	0	0	259		0
65	12	0	5018		14
3	0	0	228		4
23	3	0	1590		12
38	2	0	8294		7
12	2	0	1232		5
10	0	0	330		0
148	7	0	11408		17
68	7	0	5561		15
69	0	0	5374		10
2	0	0	274		0
3	0	0	385		0
237	75	2	40102		58
8	1	0	596		3
5	0	0	383		0
197	34	1	11219		44
19	0	0	1141		3
3	0	0	32		0
10	1	0	1123		3
406	1	0	29100		62
157	2	0	20189		36
36	2	0	3377		5
219	190	1	18725		67
4	0	0	58		2
1	0	0	52		0
29	1	0	4292		9
40	0	0	2047		8
34	0	0	1712		4
29	2	0	5236		4
71	1	0	8203		7
15	0	0	1317		2
53	3	0	10313		12
122	4	0	7588		21
83	0	0	12768		13
50	14	0	7215		12
20	10	0	2839		1
20	0	0	985		1
67	2	0	3109		17
77	17	0	14472		20
64	0	0	6346		10
885	72	0	111179		173
60	0	0	2460		11
74	0	0	7181		7
94	2	0	14207		19
10	0	0	323		3
42	2	0	7091		14
20	0	0	2593		4
10	0	0	2517		7
1	0	0	91		0
48	0	0	8537		6
176	17	0	17367		70
11	0	0	238		2
20	0	0	1777		10
930	101	0	95607		328
43	19	0	2404		12
22	1	0	1846		3
13	0	0	507		5
85	0	0	7804		10
49	0	0	3155		9
10	0	0	1200		6
16	2	0	1025		3
6	1	0	587		1
85	3	0	25444		26
23	0	0	4588		6
281	1	0	35626		43
37	1	0	6691		6
13	3	0	5208		5
90	2	0	11685		12
173	0	0	6846		21
142	9	1	18777		13
7	0	0	602		0
521	132	0	38510		158
5	0	0	366		0
126	5	0	8133		7
91	38	0	22914		24
15	0	0	4725		3
23	1	0	4764		4
10	0	0	2733		1
111	3	0	30044		21
4	0	0	717		0
21	0	0	1946		1
1	1	0	99		0
32	4	0	4598		3
90	14	0	20113		40
43	1	0	9205		6
219	2	0	25695		41
2	0	0	197		0
1	0	0	37		1
12	2	0	895		1
72	13	0	21310		19
333	31	0	76183		72
2	0	0	841		0
50	1	1	2371		4
1	0	0	12		0
3	0	0	156		0

3	0	0	296		1
90	7	0	7840		19
495	146	0	69298		80
51	0	0	5926		7
6	0	0	318		1
2	0	0	382		0
12	1	0	2298		5
31	6	1	5415		6
38	0	0	6300		9
41	3	0	2380		9
38	0	0	4588		7
4	0	0	201		1
7	0	0	272		0
29	0	0	1051		3
16	0	0	588		2
22	0	0	1535		4
22	1	0	656		7
61	0	0	3223		12
16	0	0	599		5
16	3	0	1465		4
110	8	0	22362		16
19	6	1	3924		12
188	10	0	25141		19
11	0	0	1830		0
1	0	0	80		1
122	10	0	12663		11
33	0	0	3397		6
40	1	0	14859		12
5	0	0	269		1
3	2	0	250		1
1	0	0	39		1
1106	258	3	130704		202
0	0	0	40		1
204	8	0	14953		29
10	1	0	965		4
1	0	0	123		1
13	0	1	1124		3
101	1	0	13446		23
210	3	0	11343		23

173	75	5	52885		107
23	1	0	631		5
3	1	0	395		0
9	1	0	991		1
36	0	0	3302		5
43	0	0	6621		11
209	37	0	49949		134
596	110	0	121393		149
7	0	0	232		0
40	2	0	6680		7
2	1	0	191		1
41	0	0	8627		10
66	2	0	11620		9
191	11	0	24078		26
13	1	0	1548		1
140	30	0	27499		30
109	3	0	17409		15
65	2	0	6911		7
89	2	0	13941		17
97	17	0	12578		18
37	3	0	3676		5